8192 8192
5000
6341 2210 2
7670 4525 4
1284 6290 4
815 852 1
1171 5160 2
3829 3577 0
4 235 3
4139 5218 3
3250 2652 2
3178 300 3
8021 745 0
4422 7327 2
5246 6449 1
82 6787 1
6926 7258 2
7411 6738 1
1478 6145 4
1636 1485 1
280 3164 4
7190 7971 4
4789 2825 1
7556 1516 1
7452 5899 2
5687 3955 4
2695 2246 4
1584 5760 2
1300 6662 2
1988 4120 0
1024 7390 1
5368 6616 2
2020 3382 0
2946 1811 2
4365 5554 2
4947 6916 3
6662 5563 2
6494 2939 4
4816 3531 3
654 1186 0
3768 170 3
734 3089 3
5180 731 4
4035 5399 4
3470 1781 1
6888 2665 4
7297 4164 1
6910 3859 3
1481 2018 4
4156 6133 1
7247 6038 2
2056 5241 3
7251 7226 1
67 1542 1
4757 6161 0
7752 4247 2
8105 8008 3
6216 6737 1
515 6816 2
3761 2704 3
7155 4336 4
4833 8089 0
6057 6750 3
463 1524 3
7069 6555 2
6242 5005 2
639 6056 2
7181 3442 4
7065 1610 0
7348 1066 1
5138 4815 4
2888 1772 2
5259 2381 2
2801 1337 3
594 5430 3
6917 5554 2
6382 4335 3
5265 3436 0
4672 2824 0
6711 6258 3
7719 6601 0
326 2847 4
6797 7281 1
7270 6029 3
5303 1865 1
46 5352 2
3618 139 3
1521 7122 3
3714 1648 2
1040 2779 3
4676 3688 3
4487 4888 1
4186 7557 4
7550 6269 0
7674 5300 4
2450 1211 2
7475 5546 0
2052 3092 0
4141 3801 1
1268 1243 1
6327 1832 0
3525 2430 3
3720 1545 3
7615 2876 3
4859 7862 4
5832 2993 2
2427 2530 1
880 6016 3
7547 2267 2
3080 2072 2
1596 7958 0
4410 2477 4
1096 3050 1
4520 6056 1
7916 784 1
1115 2029 4
1560 7533 0
2753 3376 0
3244 292 0
3595 4957 3
1387 1518 2
4117 2258 3
574 681 3
3141 4695 1
2376 3573 4
1236 7532 2
2624 6076 2
1088 6546 2
6412 7893 2
4683 4491 0
234 1100 1
1187 6425 0
2238 890 4
3784 6411 4
2048 2217 0
1576 2788 3
4138 992 4
8007 1726 1
7354 5971 2
6306 504 4
4015 7362 3
1773 245 0
6532 5536 0
7602 3895 0
6666 1481 0
6410 7793 1
3646 955 2
5555 3302 4
2494 5987 2
7689 603 0
6790 2380 4
3598 2566 1
3420 6317 1
1689 2904 1
8108 5000 3
2463 5904 2
3570 5937 0
6899 22 0
5044 2174 3
3653 839 3
7185 5115 4
4933 2846 4
478 1879 2
3384 1428 3
3085 2314 2
1788 2535 1
4106 6372 1
7415 1013 1
4260 2495 1
7775 5937 4
1540 2500 1
3760 1110 1
970 7834 3
2698 2445 0
5005 2484 0
5273 7657 1
7409 1062 4
554 4065 0
7125 1684 4
6533 6901 4
4231 6713 3
6970 4660 4
1446 1260 1
2409 5988 3
3518 6508 1
2098 1847 2
6779 5194 3
6260 7132 3
495 6108 3
4659 1032 0
1170 6274 4
7008 1083 3
841 6847 3
4218 4249 1
2747 5142 4
1984 5229 2
877 1669 2
7603 842 0
2993 7185 2
5915 7023 3
6659 2085 2
304 5804 4
2642 5055 4
6590 1014 2
2559 486 0
7202 6682 3
1739 8161 4
1866 2090 3
496 981 3
6197 6210 1
400 7769 2
7838 1185 3
1370 6464 4
5199 5110 0
6468 1768 2
4128 3980 4
6191 7375 1
1266 5587 4
4165 7845 2
7021 7967 1
3730 1176 2
6527 574 4
3525 1102 4
4354 999 0
1277 4241 4
3997 3531 1
5170 7002 1
1458 4785 4
3734 6348 2
4188 4423 3
2625 1749 4
1049 3870 0
2566 1194 2
596 2036 3
7765 1711 0
3509 6277 3
2190 4704 4
1640 6184 4
2653 3868 2
5177 3753 4
459 7507 1
6467 4718 0
4414 6837 1
4432 3140 4
7140 6056 3
7725 2435 3
4576 4916 4
569 4237 1
5200 68 1
7651 4406 2
6613 2901 1
6574 821 1
3362 4289 3
7245 2414 1
1953 1220 3
2190 6273 2
5157 4588 1
4393 5384 4
3539 5408 0
2464 1189 3
5412 5391 0
184 6740 2
4176 7172 3
4222 2516 3
3767 967 0
3414 1422 0
4292 308 2
5293 2061 2
2827 5100 0
7233 515 0
4680 1800 4
3815 3390 3
1822 1041 3
2364 4978 3
776 1876 3
4390 3565 4
4726 846 3
6589 4716 2
3962 2041 3
1504 988 1
461 7020 3
3339 6726 1
7263 1567 0
6806 8008 0
7880 850 1
1863 199 0
4942 4845 2
1076 3705 4
4128 6641 1
8057 1776 4
2739 2649 1
1154 2301 1
341 2591 3
270 3624 2
984 1005 4
639 2713 2
4536 1125 3
637 3167 0
5395 2021 3
91 5617 4
7742 5683 0
6150 3862 0
3851 5413 2
6910 2320 4
1615 3389 3
7875 2788 1
5208 1940 4
5135 7935 1
1911 7787 0
4938 4475 4
4861 4772 0
1282 7742 2
607 7338 0
4021 509 3
3225 742 3
5590 4088 3
6281 8017 4
263 6849 3
5215 6093 2
2537 7713 1
7632 5476 3
4718 5340 1
3737 6535 4
6440 8093 4
82 251 4
5027 5574 3
1378 1119 0
6051 156 2
7391 2509 3
3088 5093 4
60 803 4
7462 7229 3
355 3236 4
5715 3392 2
5725 7947 3
3395 8018 0
3482 4091 1
7028 5093 0
8004 2554 1
3340 4576 4
8181 6433 2
3285 1952 4
1945 7647 1
6144 1183 3
6070 1982 3
730 6461 3
4087 5060 3
7451 3352 1
6083 2772 2
526 5216 1
4549 1941 4
5009 3867 4
5917 4147 3
7849 5297 0
5041 757 3
7027 7982 0
6896 7722 3
5927 925 3
2916 2794 3
833 4702 1
4106 2583 3
2527 2837 1
8039 7404 3
3256 3769 3
3341 6468 2
1344 6792 2
5528 7585 4
1636 4014 0
2080 2866 1
3898 2953 3
5868 5149 3
3744 89 3
7762 4846 2
2267 4956 1
1596 5664 4
311 3778 3
6326 6356 4
3897 2347 1
6860 6179 4
4487 3459 0
2434 6119 0
5202 7501 4
4467 6618 0
3254 2414 3
2766 2435 4
3464 3785 4
4232 6692 0
1924 2120 4
7735 3278 3
2111 2956 3
2250 6856 2
7684 2641 2
7322 6343 3
4562 1834 4
646 2118 4
5710 7941 4
5312 6295 3
4963 4657 4
4595 3486 3
307 552 2
1256 4040 0
7003 7910 3
3384 7580 2
6511 7364 0
5171 5984 0
7889 1293 0
5714 3799 0
414 7008 0
2128 2246 1
545 7669 4
6611 7344 2
5580 2724 3
762 2932 0
5417 5581 0
641 3245 3
6256 5426 0
3212 3949 2
2536 1075 2
373 7772 2
7073 3233 0
5756 8052 3
7428 2114 1
3845 1110 4
6186 779 4
3947 4657 1
237 3466 3
3765 2714 1
4418 6235 2
7382 2892 4
4888 743 0
6098 1548 0
4168 6495 3
7672 3313 0
4050 6219 4
7528 534 2
546 1613 0
6220 4823 2
2427 2824 1
1174 7354 2
7107 7376 4
3192 3917 3
625 2971 3
6998 3028 3
7641 1595 3
7251 5314 2
291 2687 3
2700 8110 4
6499 5012 0
6897 5676 3
2811 7160 4
4282 2430 0
5184 7696 3
2452 6908 0
3473 7425 3
4940 1412 4
1881 8073 3
2800 5485 2
3516 5696 2
2986 4847 2
6077 5397 0
8045 8029 2
1313 8189 1
346 3134 1
3352 2111 1
3286 6792 3
1364 1482 0
5479 3571 4
7611 7035 1
1854 3278 1
6408 6649 4
1353 4095 4
4566 4393 3
1745 1536 3
1105 1257 3
151 914 2
3035 7620 1
4220 919 2
4392 6388 4
6152 4639 3
7204 3140 4
2733 1019 0
2587 1850 0
7070 6634 1
2729 6345 4
1433 2092 2
4010 7211 0
5658 4316 3
5805 4656 4
1278 365 1
6883 6332 2
7839 2462 1
1252 6147 1
2188 8146 4
6695 7524 2
4213 7026 2
4853 5063 1
3027 5525 0
3744 5774 0
7669 1640 4
6218 3240 0
5322 249 4
292 7536 0
330 3867 4
806 7862 3
1692 1210 1
5212 1826 4
4243 5451 3
1927 1509 2
7870 2562 0
7945 7732 0
7953 3937 3
7898 2806 4
2537 563 4
6840 5987 4
7204 1903 3
6207 646 0
2035 1199 2
7334 5045 2
608 679 1
63 7699 0
3296 5791 0
6329 1526 1
374 444 4
2291 6366 0
2878 2281 3
5024 1801 0
6259 5223 0
6139 6233 4
357 2953 3
7051 5315 0
4361 4647 2
4548 728 4
3945 5689 2
5149 5722 3
387 6226 2
1680 709 4
2223 3236 4
4419 1049 1
4961 3560 0
6576 3939 0
1834 3933 1
3928 5147 1
3594 1091 1
2848 3236 2
7178 2763 1
2994 6165 1
3325 4037 4
6014 8013 1
2924 268 2
3630 7406 1
3712 7518 0
974 857 3
2543 7333 3
1842 5993 4
1001 4582 0
2668 4201 1
2268 7631 0
85 2819 0
2291 7227 3
4685 6020 4
7644 6753 3
8151 1250 0
5488 4111 4
2648 4491 0
3956 4687 1
1226 2579 0
3302 4613 1
8034 2276 2
791 1586 3
6308 401 0
878 3841 0
6821 2162 2
4514 6479 4
6544 2478 0
3381 7409 0
356 4468 0
6569 5309 3
3036 1456 4
7047 4962 3
7456 5362 3
7520 1806 3
7906 2796 3
3594 7993 0
907 1468 2
6040 6059 3
2955 7039 0
4573 2780 3
324 7531 3
8091 2913 1
1023 6038 0
7059 3039 2
6690 7752 0
3026 5691 3
5347 6351 2
3057 3188 3
4128 6495 3
3809 5861 4
7083 2100 1
37 430 2
6610 1267 1
4550 1333 3
5451 2305 3
4784 7112 0
6846 6001 0
7522 1424 1
7263 1930 2
3233 7594 0
4397 2827 1
6595 2172 4
5657 3851 3
6081 1567 2
7836 5171 3
2794 3510 1
6107 5931 2
476 4246 3
1326 233 2
1302 4612 4
5309 7420 0
3082 8133 3
282 6100 1
939 8044 3
1052 4640 4
1425 4449 4
7957 3192 2
221 6723 0
4594 90 0
1845 7519 0
1325 2970 1
8084 7787 0
3767 3338 0
4434 442 2
2279 5079 0
8173 5278 0
2193 2401 2
4453 1260 0
5762 2639 0
2097 1405 4
4709 5792 0
1144 7618 4
180 4277 1
5464 3330 1
561 4589 4
3211 6616 0
5747 2998 2
6404 6473 3
733 4412 3
6243 6609 0
6777 59 4
8067 7800 1
7670 7469 1
220 7320 3
4658 3293 0
5695 4095 4
3427 7748 2
719 4947 4
3889 4203 3
6622 5148 2
6917 1178 1
8002 4082 1
2618 6295 1
4452 7637 3
4041 7791 0
6480 2168 2
5368 4028 2
1620 7080 1
5258 3727 1
7103 2121 4
4422 4476 0
1401 1135 0
3754 4103 2
1375 4929 2
3554 273 1
4794 6062 3
3135 3260 2
6139 7815 4
6629 3637 2
4588 58 4
2806 6588 0
2644 7787 1
493 766 1
4840 3095 2
4055 6722 0
3464 5198 2
222 5239 1
2324 1550 2
1627 1850 3
6554 1443 1
2016 5249 2
7453 7973 4
872 656 3
3192 1648 4
1697 4739 1
3353 4575 1
4669 858 0
972 254 3
4566 2421 2
345 2705 2
5695 3328 1
7501 5637 0
6545 7623 0
1209 1681 2
3560 3531 0
8082 7793 4
330 559 3
2965 4156 0
1030 6494 4
5512 7488 3
5744 1559 1
3608 969 4
5032 621 2
2482 3773 3
930 4847 4
5091 4951 1
732 4109 4
14 3906 2
2509 3307 0
5219 4535 3
5980 5684 4
6095 4264 1
3254 6934 1
5361 3085 2
6313 2134 3
7346 5414 0
7903 7225 3
1403 7862 3
1907 3852 4
4685 5512 3
3237 5940 4
6599 3017 3
1771 7833 0
7508 5235 4
274 5607 4
7002 6773 1
1006 6540 0
6243 8190 2
1527 7729 1
492 8085 3
3143 1652 4
6093 4136 2
2728 2424 0
1172 3887 0
1565 7491 1
1934 5293 2
3937 5664 0
7975 3519 3
3691 7398 2
1817 5116 4
2988 1255 2
6346 2639 0
4168 6866 3
7540 4970 0
6477 4949 3
2668 4753 2
3136 1292 4
2442 591 0
4945 1830 1
6190 1081 2
1412 221 3
5180 4647 0
7170 1618 3
2244 959 0
4237 4285 3
2197 3425 4
5517 425 4
4729 4846 0
7423 4554 4
5386 2403 0
2035 6302 4
3101 4607 0
2334 2332 2
667 156 4
7418 8064 1
7991 153 3
4657 2913 0
4939 2122 0
1331 7514 0
657 3788 3
4030 6654 2
6520 3886 1
5259 7549 3
224 2824 3
3540 4057 2
1639 3572 3
7911 6363 2
2523 7698 4
5875 2924 3
1443 5777 1
4904 7257 3
5145 553 0
2816 2643 0
5988 5573 4
6760 6547 1
2067 2009 1
6909 444 0
2785 1990 1
1400 206 2
1723 665 2
2492 6402 3
2494 2685 3
5566 3719 4
665 427 0
5189 2979 1
7231 4914 3
7716 3685 4
4999 528 3
5473 5927 1
2928 745 3
3392 7668 4
5758 2788 2
347 5557 1
35 6688 1
5274 7451 3
7660 2027 4
6014 397 2
4347 6754 3
5525 1670 0
4548 2021 3
7079 7322 4
4823 4180 0
3446 5610 4
640 101 0
7505 4638 2
6356 5683 0
5016 6636 0
2335 6353 0
1090 1060 3
4785 1979 3
2568 5131 3
5108 896 0
822 4074 4
694 2715 4
1347 6916 0
5367 1868 4
587 3597 0
748 7448 3
7958 1151 2
4168 2886 1
2357 2305 0
7681 2811 3
667 4344 3
1926 3920 0
5347 1034 4
5768 6214 4
1317 5819 2
6817 6041 0
125 4747 1
520 7087 4
1568 4113 4
2658 6670 4
1754 7485 1
1402 4594 4
4085 4659 1
3954 5552 2
2086 2171 4
696 1590 4
7851 5104 4
3156 4929 0
746 2192 2
6394 6532 2
511 2039 2
7836 4343 4
7934 5201 2
221 3585 2
757 1570 0
2757 7959 2
1994 2751 0
1987 8179 3
3483 861 3
6724 2050 0
1945 7502 3
2292 7987 0
7127 783 2
4655 6328 0
6806 6250 1
915 2568 0
3591 3603 1
889 1770 3
1728 2338 4
4141 1557 1
6188 421 1
3474 4631 4
3352 5933 4
843 4561 3
6617 7671 1
2693 4776 4
7820 6774 0
4567 884 0
3141 7043 2
2647 660 4
2720 3328 1
7177 2849 0
6263 6867 2
7263 5109 4
8059 7120 0
3734 5633 0
6373 8130 0
1220 31 3
7186 7002 0
1021 7027 0
2695 5629 2
5408 296 3
2892 3166 0
1085 5316 1
7613 5750 2
1513 6857 2
6893 7322 2
5248 3690 3
3990 6650 2
3616 1474 1
935 7881 0
7596 6908 1
4492 5258 3
4946 1866 0
8116 8028 1
2092 7689 2
193 2669 1
3981 427 0
2592 3788 3
7325 1436 2
7796 4726 3
291 6583 0
4377 4986 2
4110 4184 3
4374 1073 3
2863 209 1
6950 8012 4
7014 6308 3
3015 3106 2
6934 1900 4
2329 260 0
5932 2471 0
6948 3689 4
749 8013 2
2906 1389 2
6063 2926 1
6337 648 0
2531 7847 1
4370 2154 0
7338 6999 1
4379 4030 4
1773 2091 0
8180 7342 1
5678 1881 1
3483 1446 0
2028 5597 0
4792 2363 2
6769 1611 4
6922 6451 3
8110 4397 2
4367 3744 0
6289 3081 0
2314 3679 2
6709 5608 1
34 211 4
5377 1174 3
463 1244 4
2616 1513 3
1071 1839 3
4442 7896 2
921 6106 4
5162 5492 2
5765 5577 2
4814 2410 0
702 4718 0
7399 5662 0
2117 2682 1
3588 2331 0
4142 5661 1
6567 1822 3
4851 1574 1
6907 5122 1
5192 3004 2
1779 5472 3
840 4170 0
1747 7935 3
5740 6232 3
4142 1656 3
4240 3423 3
6960 4824 0
3072 4564 3
1051 6066 3
3448 2423 3
3859 4733 1
4572 6962 0
3078 2122 4
3875 1382 2
6840 1397 3
912 808 0
5707 2571 1
6357 2946 4
1532 126 2
7846 73 3
6451 6911 2
30 2432 0
8184 213 1
7110 7037 4
4754 675 1
2174 1664 1
6204 3894 1
1811 3689 4
4660 7858 0
6147 5476 3
4968 4365 2
1585 3967 0
2396 3753 3
2018 6004 2
6701 1281 4
801 132 3
2029 7551 1
7860 5668 3
5491 6488 0
7909 7394 4
1411 2323 1
621 7767 0
2598 4792 1
471 7553 3
190 2717 1
6989 6640 0
1665 6859 0
453 3601 0
879 5460 4
7363 3366 2
5446 1643 0
3214 1196 2
5984 3262 0
5579 6895 1
4813 908 4
13 6527 1
2750 781 1
5142 3758 2
6649 7988 1
6857 5015 2
6257 1476 1
3288 1720 4
7957 1588 1
4402 5752 4
6417 6771 1
2741 7560 4
7395 7493 0
314 5998 1
228 5146 3
179 4617 4
2824 4365 2
4195 719 4
1031 4892 1
2814 2245 3
927 2293 3
7730 7772 4
1711 2162 3
5588 7503 0
4102 7231 4
5665 7445 4
165 333 2
584 4885 1
2514 2916 2
1111 4873 1
7214 7876 2
300 2104 4
3108 5978 1
5668 517 3
1648 5880 3
4516 6124 3
8042 598 2
6459 6762 1
8188 702 1
4870 3632 2
6219 7063 0
7499 4920 4
143 3789 1
2340 6285 0
6339 2878 1
3482 4220 1
7080 3601 3
5528 5706 4
5025 3223 1
3015 1861 1
5921 6336 4
6158 334 2
2725 2420 0
2036 3872 1
1947 745 1
1926 7078 2
6891 7059 3
230 19 0
4784 5880 2
6718 5105 3
7679 5560 2
3668 3076 4
6946 2492 2
3234 2816 1
6345 4268 4
4563 1164 0
5500 5338 2
4516 6603 1
7104 5384 3
5950 2031 2
5393 1943 4
6904 2773 3
4462 7311 2
6115 4717 3
6336 1180 0
7975 3114 1
8014 5769 4
4158 5062 1
5939 4080 1
4063 7474 2
3585 3425 1
6284 2232 3
4837 986 3
3910 5673 0
4683 3206 1
1413 3617 2
937 1232 0
5148 6863 1
7978 1743 1
335 164 2
2111 2489 3
3487 6741 1
6385 3163 2
1028 439 1
5768 4124 1
57 6634 3
3909 5974 3
6495 7714 4
3879 4386 0
5460 3655 1
367 5584 1
3107 5789 2
3145 5931 2
3203 7340 4
7411 4203 1
2522 3432 0
1673 5107 3
4901 269 0
696 6350 3
4094 1532 3
736 1452 2
1202 5270 2
1069 2234 2
3435 2068 1
2456 7068 2
4508 6135 2
1832 3076 3
7775 6871 0
4548 6860 3
6246 1138 3
7733 395 3
7408 5748 3
7193 2817 1
3820 2928 1
1402 3096 4
6109 1542 1
310 2442 1
2272 5131 0
1508 8026 1
6503 7072 0
3964 6595 4
6275 7845 3
6292 695 0
4210 7646 0
5863 5862 3
5937 1659 1
2753 5798 2
1802 7083 4
5677 6424 0
1751 7275 4
7455 7732 1
4132 5920 4
2456 6198 3
3513 8075 3
7297 990 2
149 2167 1
5952 5090 1
3314 6760 4
7545 368 3
6937 746 1
6433 2460 1
7111 2144 2
3144 2998 2
7750 3964 3
1118 4219 1
1394 2554 2
2207 3549 2
3670 2930 3
5425 1316 1
3169 1978 0
4139 4678 4
6666 1077 2
3746 6526 3
4997 4964 3
6215 7060 0
4734 8130 1
5664 6924 2
7960 7533 1
3508 7306 0
2479 4446 3
55 516 1
4996 7446 0
5675 1596 2
4758 3286 2
266 3598 1
4336 1594 0
6221 5252 1
1725 689 2
2731 4216 3
7626 488 2
4915 2225 0
2669 2872 3
2730 4484 3
6167 8063 3
4662 3947 4
2020 6855 2
1509 6804 2
6953 6956 4
378 7451 1
1818 3479 1
7190 8127 4
1430 7614 4
3883 202 4
5234 670 2
1366 3441 2
1738 1221 2
4990 3545 2
166 6556 2
2496 7214 1
5625 6914 1
2021 8131 4
6072 1403 0
5758 6935 1
591 7976 2
5918 2817 3
7983 5638 3
5751 1082 2
172 6882 1
7582 2573 4
7300 2763 0
2262 63 0
3127 5924 0
8081 6439 0
7167 7770 2
220 1651 4
2509 3902 1
4516 5883 3
2493 7173 1
5884 7220 0
3888 4845 4
7700 4164 4
1454 3740 2
316 1999 4
2321 4844 3
3453 4694 2
2529 2902 0
681 1021 2
2761 1164 0
2037 4581 0
5181 444 2
1852 1069 3
4566 6356 2
4798 7319 3
3623 5509 4
24 1711 3
543 6576 2
2754 522 1
2082 2978 2
6896 7187 1
1739 5082 2
1823 589 1
3466 2173 0
2741 2302 2
3106 2580 1
1539 1580 4
7989 7449 1
6686 7998 0
6177 801 2
2276 5352 2
6910 3342 2
824 6573 1
2144 1884 1
1179 5080 4
5928 4225 1
1717 602 0
5191 3832 3
6728 6077 3
5876 592 3
7212 2721 0
6751 933 1
7310 42 2
3593 5452 2
1648 1624 0
7750 1920 2
7560 1303 2
7483 7298 3
5894 4124 2
4906 4146 2
7717 2704 1
1365 7293 2
3337 388 4
4617 6046 2
2015 3574 1
5141 1464 3
6783 379 3
4638 448 4
7010 5246 1
1863 6288 4
2507 6085 3
6743 4488 1
7168 4668 3
2035 3599 1
7033 4545 0
3311 7939 4
718 7592 0
3481 3882 1
1634 5602 4
7286 1381 0
3720 62 1
1901 3945 2
3024 2732 1
5035 2483 0
7438 6115 0
1021 31 3
6517 5652 4
6746 7722 2
547 1067 3
2087 7055 0
2743 2256 4
5692 2934 1
1994 5666 0
5226 6936 2
3621 7739 4
3172 2977 0
2216 3965 2
1042 4358 0
5405 4723 0
6790 1688 0
651 8030 2
4155 2759 0
4069 2309 1
2518 7494 3
1950 6866 2
259 890 4
7438 7627 4
7818 5613 4
7132 5588 0
1923 2609 2
7924 1167 0
1351 6299 0
1838 5842 1
2528 8094 3
3234 6518 2
5053 4399 4
7850 3910 2
4466 7772 1
1345 3441 1
5811 6788 1
1655 6617 1
5569 7099 1
60 4544 4
2641 964 4
5800 5233 0
2493 3631 3
2237 1204 3
3241 7774 4
3647 2689 0
2791 2809 3
2652 2329 2
5296 167 1
6297 1048 0
7595 2586 3
7451 475 4
3470 1946 1
4747 4718 2
7916 864 1
693 2368 3
1449 5443 0
1526 732 2
3818 651 0
1349 146 4
6079 3957 1
6751 6864 1
318 3163 4
3452 7761 3
759 1682 0
2997 1677 1
5843 7709 4
182 5806 0
4941 5383 1
1842 883 2
5620 2249 3
3570 3728 1
825 7899 2
4776 3674 1
5526 6377 0
6167 1193 4
1773 5671 2
5026 5248 0
8142 7063 0
286 7259 0
4102 236 4
2607 3092 2
1293 6092 3
3076 3254 4
4116 6541 3
6661 2582 1
4557 2776 0
6409 1201 2
5733 1066 2
347 1704 4
5811 857 3
1428 3381 3
5583 7326 1
472 6193 2
4412 726 3
4349 3529 2
4206 6485 2
2710 4996 0
1788 2661 0
293 1730 2
5958 6057 1
7545 5146 0
6119 2937 2
4715 7416 4
6941 6190 0
3883 1482 1
6979 4782 1
697 6767 4
3331 6025 4
2606 1656 4
1840 7933 4
7194 6194 2
2733 1526 4
5546 6056 3
4832 6054 3
3321 6709 3
1743 6142 1
4205 5124 2
3410 1494 2
3764 4490 2
1033 5190 1
6960 1257 0
5368 1293 2
7447 5559 2
3323 7992 1
2664 1071 0
646 5922 3
4089 3324 4
1368 7200 0
6124 1371 0
3222 4439 1
1586 1095 1
1292 635 3
7737 2645 4
6515 1669 1
2031 7657 3
2779 2427 4
1211 7486 3
1160 6462 3
6856 7373 4
6228 4522 2
1363 5880 2
7606 6366 4
5254 3602 0
6450 1952 3
3166 6628 3
3910 2064 2
537 4665 2
1000 6472 0
1237 1909 0
5509 5916 1
279 3867 0
1714 7417 2
2493 863 4
1724 335 3
6042 6304 3
1234 5131 2
4423 6389 2
81 282 4
5802 2365 3
518 3005 0
1240 1135 4
7254 1483 0
3271 7592 4
658 326 0
4739 6016 2
6630 1537 3
6405 6990 0
5047 7576 1
4206 7995 1
6859 283 2
3780 4425 4
4397 1036 3
5833 6821 0
5789 8024 3
1988 3793 1
1926 825 3
733 3437 1
574 2445 2
6350 4840 2
4413 2716 4
2911 7444 0
3942 6444 4
6519 980 1
1978 3718 1
6561 7234 0
5296 5838 2
5771 170 2
5681 5182 3
4524 79 3
4268 3241 4
2676 5660 4
7375 3242 4
5482 6899 4
1919 7949 0
3109 6698 1
3383 4972 1
6023 5313 1
7835 702 2
5465 477 4
7334 3384 4
1674 6424 1
5920 1914 4
2774 1247 1
1483 1132 1
4809 3644 1
2497 6031 4
7863 1604 2
1393 3217 0
7718 2 1
3487 2647 2
4497 7042 4
2545 3308 1
119 6860 1
6952 8105 4
1313 6477 4
5261 6880 0
1738 7446 4
4747 6825 0
5141 241 4
2643 4490 3
8089 1427 1
3325 7276 3
3718 6241 0
6619 2835 1
1907 8171 0
4 3102 3
1368 67 0
5900 3868 1
498 7383 1
7393 402 4
5566 1864 2
6072 2780 3
4857 7025 3
7219 1490 4
5705 6356 3
1907 5907 0
7637 4451 3
535 5879 3
2230 6392 0
5208 7853 1
6576 4472 2
5874 2432 3
2698 6341 3
1760 1529 2
1191 4446 3
3501 1449 0
4204 5597 0
4127 3390 2
5904 1204 1
7472 4402 1
291 7088 1
5144 6004 0
3386 3283 0
3364 6543 3
2273 5801 2
1644 5536 0
5626 487 2
3806 6871 0
2628 6598 1
1955 1441 2
3465 1999 1
6933 4190 3
4068 3851 1
5168 4369 2
475 6892 1
5626 3 2
6752 8141 0
7685 7993 1
71 3001 0
4340 3811 1
483 1937 4
761 949 1
3589 6703 0
6123 4178 3
7913 8178 2
536 5923 4
5581 2384 1
499 3145 2
5312 828 2
1687 4423 4
7492 5730 3
8149 5524 4
4071 1322 4
4920 5021 0
7660 1454 0
2691 1315 4
2002 653 1
6545 201 3
3246 1070 2
5810 787 4
6587 890 3
53 319 0
7909 7672 4
6564 1331 1
2344 5314 2
5536 1385 0
3886 1174 0
4189 4155 1
7846 4475 4
6417 5516 4
5398 6080 2
3144 3958 3
1773 3948 3
2699 4365 4
3718 3233 4
4662 5009 2
3138 3968 1
4187 5900 0
1010 5473 1
7433 390 2
5577 5234 1
4135 5251 1
572 2636 3
1572 4976 0
7135 3961 4
2171 2833 0
1878 7797 3
6421 5219 1
7105 1292 3
6581 531 0
611 7410 4
3281 3587 1
4206 7862 1
2531 874 2
5000 675 2
103 4754 3
2583 1217 2
3041 2811 3
1501 7270 1
3004 2105 4
4704 602 4
6644 4501 0
5008 7257 1
1803 5777 0
8069 1583 4
4568 4189 0
268 6306 1
5654 6965 1
2862 3709 4
6685 189 4
3400 4167 0
6173 3103 1
311 1132 0
2807 7123 1
813 7969 4
7596 3011 0
3193 7404 2
2009 4548 3
4389 5495 1
3206 2417 3
1058 6896 0
4607 7716 0
5843 5655 3
5551 5332 4
6298 2297 4
1717 1206 4
797 2791 0
1359 7871 4
8004 3158 1
5713 719 1
6380 3467 4
6335 5472 0
3333 5832 0
84 7136 3
5861 6910 1
2260 2214 0
2126 8144 3
1064 7410 0
1087 7022 2
2370 7871 4
1678 6624 4
6788 3262 0
1440 5177 2
3546 7529 2
7652 2074 3
8189 904 4
2538 774 0
1516 7351 1
936 653 4
5975 6514 0
8155 4457 2
3979 7741 4
6402 616 3
1026 7445 3
4146 5416 1
2660 2646 3
131 3104 1
6412 157 3
4524 1625 1
3357 1834 0
4807 6947 0
7208 3498 1
863 4270 4
6334 950 0
2966 6415 4
7606 1992 3
2902 2789 0
824 5018 3
4393 2510 3
7209 3609 1
6086 5506 2
1279 2058 4
5427 4129 4
7678 3558 3
1437 3963 2
3496 322 1
4045 6608 3
5611 5292 4
2666 4835 1
1260 4170 4
5180 3652 3
5564 5820 4
3814 6175 4
5209 7947 1
4489 3173 0
6672 1603 3
1783 2892 4
1396 1107 0
1417 5354 4
424 5686 0
2780 3787 2
4689 8026 1
5791 6193 4
7146 1771 3
186 2811 4
224 5343 2
7846 3853 0
6274 969 4
7620 3473 0
4620 878 2
1463 2362 4
5137 1998 3
2272 6370 2
5733 7729 2
2195 1530 1
2979 4925 2
254 2525 1
861 1702 1
3626 7925 1
7468 1138 1
704 2226 4
701 6486 1
5831 1595 3
1618 7831 0
7741 2900 0
1629 2993 1
6715 4450 2
1104 5777 3
148 1404 3
5906 7624 2
8051 1218 3
3448 4421 0
5724 5798 3
6959 416 3
3592 891 2
1161 4587 0
3775 7366 3
6323 1399 2
2830 7617 0
1255 7985 4
1360 2109 2
5598 2750 0
664 8139 1
6639 8003 3
139 4524 4
110 7924 3
3453 2210 4
135 6099 4
3197 6277 2
7467 7312 4
4462 170 1
6354 6013 4
1103 6174 1
7866 1500 4
132 7814 3
837 7495 0
3546 6630 4
3033 345 4
3589 7260 3
3932 7857 4
5313 8169 3
710 1159 1
2743 6809 0
1988 6884 1
2577 7862 4
529 1336 2
5832 2201 4
3415 7527 4
5709 3855 3
4863 434 4
3173 5503 1
6397 1671 2
69 1007 0
2244 197 3
5377 8125 4
2683 7019 4
8031 4152 2
1987 6805 2
1110 7084 2
3592 2942 3
6786 924 4
5794 4530 0
2422 6196 1
2253 6641 1
7178 1749 2
1058 2542 4
7137 2552 0
4291 7352 3
5659 38 3
2524 6474 4
3559 6138 2
1560 6917 0
1449 508 1
5038 5517 0
3406 422 4
2680 3466 4
714 7982 1
6010 1223 1
2229 8063 3
2818 369 0
5809 3628 2
1435 2846 0
1225 4829 0
287 6138 0
7331 5405 4
2924 7395 3
1782 7228 3
3182 2001 4
4994 79 0
15 4267 0
5809 4749 4
1432 5426 2
434 5944 2
5878 6924 3
165 5410 0
1204 4546 1
7460 616 3
6485 880 1
3162 2738 4
6739 881 0
4145 3526 1
1139 1132 3
900 133 0
1318 3686 2
3161 6688 2
4144 7852 2
119 7568 4
6455 965 3
1679 5680 1
929 6811 1
7150 7335 0
5225 2948 0
5046 3146 4
4473 3046 2
4541 7369 0
2988 6152 2
5264 4391 4
4396 5379 2
7893 710 1
7173 5725 0
549 2397 2
863 6912 0
6452 560 3
4378 6643 3
6437 5942 0
4720 6025 2
4967 2078 3
3170 4888 3
4511 6055 4
4190 176 2
3272 3519 4
1290 2110 4
497 463 0
6623 682 3
57 710 2
4922 6428 1
6152 3085 0
7737 7351 1
7014 6370 3
3518 5967 4
8187 7605 4
849 3545 3
6113 1146 3
6732 5268 3
3354 7699 0
1805 1757 3
2173 4004 0
7851 6852 1
7709 5640 3
7772 1089 3
1696 2861 2
5561 871 3
517 1190 3
5442 6114 4
3029 3725 3
6136 1343 1
3497 6019 1
7398 5360 0
2473 2467 4
601 6034 3
3035 416 0
4342 8010 0
1826 6091 2
1212 197 0
7775 1895 1
1558 6278 3
3276 7932 2
3518 550 2
4357 5570 0
2198 6697 4
1438 7542 3
1804 5887 2
1907 786 1
4778 1715 2
5130 5394 3
8034 1432 4
7818 6736 2
6731 3954 3
4639 5018 1
2958 4170 0
5531 3101 0
3798 4190 2
6598 7884 2
5682 3795 1
6923 7110 3
4285 3517 2
6302 7882 3
3199 1280 3
1077 4661 4
5265 5818 1
7979 532 0
7216 2368 2
5271 6842 0
7327 2637 2
5080 3617 2
1143 7560 1
4051 8178 3
5292 948 4
7482 6327 2
793 1169 4
245 43 3
1479 3311 2
2786 6844 3
6551 2987 3
6247 3019 2
8080 6781 1
3653 2167 3
5640 4586 3
6286 7633 4
94 5317 2
7956 6370 2
2174 3178 1
251 2022 2
1753 2367 4
4782 706 3
2062 3870 4
2855 4663 0
1161 1739 3
6926 997 0
1193 3505 2
2231 6477 2
1962 296 0
6603 4216 3
7320 7464 4
821 7143 0
6552 1540 1
4677 3982 4
1874 5362 0
368 1615 4
166 7363 1
5637 6892 0
4302 4218 1
4810 1593 0
2200 1529 0
6250 4644 4
6403 2010 4
5623 7152 3
6387 7955 4
3869 2864 3
3369 2465 1
5579 1465 1
741 407 3
3802 6360 3
6341 8109 3
6253 7505 1
634 2605 3
5352 3159 1
4537 293 1
6658 2682 4
6293 2342 3
7246 5219 0
6100 8035 1
4082 7101 1
6817 5647 4
529 5226 4
1985 5629 0
7704 4404 1
2119 7340 3
381 7213 0
2708 7453 1
6688 425 0
1771 3662 2
6086 6949 2
6236 1937 3
2693 1829 3
7463 1920 2
6067 3133 0
3667 537 2
6760 5061 1
7308 3013 3
1192 4464 2
4032 7455 1
7930 2289 0
6550 6738 3
7877 4696 2
3624 5138 3
3192 2805 0
5271 7387 4
5590 2515 0
2908 7158 1
5777 1698 2
6127 1929 3
2689 87 2
4263 4208 0
3353 7740 1
6473 5616 1
4433 2914 2
1258 2502 0
5040 987 3
4039 5256 2
7407 3362 0
2000 6505 3
1939 7648 4
5753 3496 0
6111 4034 4
5290 4333 2
6888 243 3
2861 7314 4
6285 7502 1
3005 4107 1
2614 3632 4
7791 2592 1
1926 1185 1
3774 5495 2
5869 3284 0
5874 2312 4
5481 5782 1
7913 3785 2
5769 8078 4
4268 4229 0
4254 2603 4
55 1672 3
7498 830 4
1347 471 4
6891 2035 4
3426 3611 1
1737 1710 4
6779 4497 0
1582 3146 1
5005 5998 0
4262 282 1
7195 4001 0
2354 2298 0
218 7349 4
1646 3690 2
1017 1450 4
4825 4174 1
2025 3650 2
3989 8079 0
648 8027 4
6987 4212 2
1844 2285 3
6770 2510 1
611 4907 4
6674 1711 3
5019 1804 4
269 812 0
4203 4438 3
4765 1469 2
3307 1011 0
4774 6963 4
7759 5309 3
7640 3716 1
1262 5702 1
1229 371 3
1462 6928 3
4061 3565 1
5477 4488 4
4219 4935 2
4940 192 3
6227 5548 2
4032 188 4
946 3363 1
472 2018 3
6236 5988 3
7469 5773 3
8020 673 1
1681 3448 3
8157 6390 3
1476 6439 1
2528 2615 4
2979 6296 3
2268 3535 3
3311 5886 2
6300 1578 0
6648 6040 1
4794 4287 3
7639 6117 3
6336 3741 1
5498 4827 0
769 7361 0
7062 3050 1
7905 6608 3
6149 236 0
290 26 4
912 3906 1
5792 5859 4
5635 492 3
4396 3132 3
3718 4463 1
5165 4145 2
993 6138 4
7371 8149 4
6709 4749 0
1203 1944 3
5401 2217 0
6409 3604 1
3191 5537 1
1878 5998 0
3312 7083 0
4844 4297 0
2216 6327 0
5317 4582 3
4301 938 1
5843 3851 4
4410 1810 0
2549 3540 4
4015 4701 4
6034 2496 1
203 2625 3
5388 2510 4
4829 68 3
466 3957 4
1484 4791 0
6717 7927 0
970 6858 3
233 2728 4
583 6022 2
2792 6916 4
7032 3428 0
2551 2622 1
979 5830 1
6576 1432 4
46 7644 0
2751 5989 0
2399 4505 3
5638 4765 0
5611 2128 3
7821 861 2
5486 3873 3
6608 7785 4
4528 178 4
7423 2252 1
6139 1188 3
3731 6078 0
7100 707 2
7890 3781 4
3729 1828 3
6199 4476 1
7151 1141 3
589 1019 4
7758 39 4
621 7907 3
3218 6618 4
1831 479 1
493 6147 0
5202 6592 3
1778 4555 4
195 5703 2
501 2749 1
7845 3741 1
6545 1377 2
2979 1015 3
5820 2432 2
1854 4773 4
7065 3563 0
7022 6911 0
2211 2477 4
6849 1143 2
7670 1260 2
5035 4192 2
6443 3482 3
8124 5833 3
8145 418 2
726 3109 3
3805 476 1
3865 7712 1
4024 5923 1
1527 7220 3
2467 5348 1
4056 6467 1
3646 5989 0
7310 4239 1
3524 4810 3
7780 3678 4
8041 7863 4
6617 3935 4
2667 5220 1
2648 7835 4
48 3895 3
149 7281 3
4598 7838 1
4180 3563 0
928 706 0
892 4084 2
6971 3607 3
3485 5778 1
1376 6242 4
1370 5255 1
6935 7263 3
856 4816 0
6958 6398 2
7014 265 0
2605 7399 0
5790 7672 3
2864 1461 4
1993 5316 0
1254 1837 4
5206 312 3
7446 4853 0
2037 7221 3
2747 331 1
5114 7624 4
7968 2612 0
1158 5174 2
4494 7180 4
1869 6914 4
712 1531 1
1143 7156 1
6429 6233 0
840 1700 1
5686 813 0
2999 7238 1
1453 5163 3
1568 6839 3
6550 8012 3
7620 5779 0
395 7205 2
3835 5522 1
2018 7139 4
1534 6261 2
884 7548 4
7661 7269 0
957 5373 3
4180 6914 2
600 2924 0
2190 6168 2
1720 1873 0
1167 1691 4
2509 1908 4
1100 892 2
5010 3866 4
1735 6471 4
1782 2671 0
5895 7549 3
4474 1756 1
4634 2036 0
4232 3556 3
3582 7889 4
7735 5436 1
7050 4035 2
2386 5484 0
2826 7279 3
7168 615 4
3819 7799 0
2287 7742 1
3996 6484 1
4840 3731 3
2783 2601 1
115 4305 3
2705 788 3
7618 2645 2
6765 2338 3
384 5251 4
5925 3417 0
3626 5910 2
1782 343 1
6671 5696 0
781 2893 3
2967 1970 4
1372 1327 2
2919 4611 2
778 4456 1
943 7699 1
3303 3644 4
7260 5370 2
1949 3227 4
5557 2424 4
3460 2858 4
2099 792 0
5807 5942 0
6496 6734 3
3062 5668 4
8085 3528 4
7124 7829 1
4398 96 2
5541 4820 0
7164 6322 0
505 1469 1
2284 6438 3
2462 1619 2
2488 2036 4
4706 2339 1
944 1067 4
3506 3156 2
7891 3976 0
7081 2560 3
7391 670 1
4074 3258 1
2823 5553 0
1493 6477 0
962 3209 4
3433 5103 1
7365 3315 4
3975 655 2
4809 1543 3
7270 8138 4
1251 523 2
5394 741 3
1424 6308 2
3063 5597 1
6015 7572 0
256 6930 3
1709 2942 2
7265 994 0
3700 7706 2
8073 2527 3
7693 4234 2
1419 1135 3
121 1626 3
2668 6503 4
6806 4520 1
7377 935 1
887 2381 0
6268 1589 2
7912 5419 2
3731 5997 3
3183 5548 1
7157 4932 0
760 7798 2
524 7823 3
5369 6004 2
7640 6742 3
4801 5658 1
7708 6005 0
6417 2938 1
5783 398 2
2078 4809 4
7217 7163 1
5223 3594 0
900 3421 1
1036 5980 1
5268 3156 1
7209 6800 4
6961 392 0
6782 2393 4
7136 4543 3
7404 7550 1
747 7506 0
4149 5622 3
2750 2758 0
8022 1404 1
1820 2050 0
1866 1870 4
6002 6360 0
4496 2073 1
7557 1443 2
2167 2491 2
3877 2092 1
395 2882 1
685 8165 3
5027 4164 0
4942 1510 1
4765 422 2
3348 1324 0
4065 7460 4
2476 2951 2
6985 2047 4
6685 3500 4
609 3248 3
4542 5115 2
339 7374 1
4933 6755 3
5380 8115 4
6586 4035 3
6586 3707 2
3905 4213 1
2924 5702 0
6225 755 3
4323 5181 4
2210 7300 4
3928 5532 2
5763 695 0
4938 5165 3
7775 8174 4
6483 2447 3
1946 7961 0
7387 2076 3
925 5318 2
149 3278 4
4375 445 1
346 5367 3
7694 114 4
938 2973 2
4085 2317 0
6899 4645 2
5718 6565 1
1731 6408 3
7954 5512 3
6876 6716 0
204 2506 4
4883 3308 3
8050 3679 4
4142 1664 2
6420 3882 3
3849 5777 3
4429 7596 1
5693 93 0
3736 4253 2
6027 72 4
1836 9 4
4058 527 1
4819 3675 1
5856 151 1
2682 6881 0
6725 3086 2
3459 5127 1
2093 5769 0
4322 6745 3
1676 6116 1
5003 6077 2
2707 3999 3
6814 1529 0
8188 5724 2
4006 7114 4
4334 7946 1
5929 3410 0
6719 1979 2
843 1253 1
5760 3838 3
4196 6942 0
6608 3068 3
4239 1255 3
1005 5173 2
2268 1190 0
1490 7672 0
7001 3819 4
1992 459 4
1676 5580 1
5247 141 3
1837 4005 2
3045 904 0
2950 672 2
880 4498 2
1989 3617 0
780 5768 1
7438 4432 0
6823 2674 3
534 1497 1
950 4228 0
6485 2177 1
3755 7408 4
4148 4841 0
7140 4743 1
7762 806 0
120 552 0
6100 1042 0
487 4335 0
5741 6112 3
1018 6517 2
6662 5843 3
2960 4801 1
4929 5471 0
7625 2490 3
7337 6964 3
4308 2155 1
4775 3470 4
6237 2182 3
4175 8146 3
6522 2418 2
5506 4727 0
5073 4273 0
3121 1383 3
180 1919 0
6190 4358 4
7472 5746 2
3205 2745 4
5818 5330 1
5553 3166 0
5532 7919 0
2245 1892 3
7040 2456 2
5694 718 0
4470 2804 3
1090 7428 3
5330 5358 0
6150 6228 4
7304 2693 4
3835 5011 1
7580 4589 0
7887 7113 0
3224 3656 3
6515 4436 0
7403 2715 4
395 7393 3
3769 6062 0
4892 2557 2
4443 6540 4
7126 4127 4
5821 6708 3
6167 5855 2
1528 3754 0
4298 7014 3
4947 867 3
531 6297 3
7806 7209 1
1141 4814 3
2748 1249 1
8159 4479 0
4764 213 0
6453 4407 1
2222 4625 3
1627 2486 4
3176 5328 3
4879 2406 3
3335 98 0
7823 6401 3
3672 2097 1
5849 3342 0
3481 6092 4
3902 4181 1
1371 1734 3
5075 2456 0
6549 6665 4
3528 6706 3
7831 1565 1
8077 7262 1
38 830 0
2373 3606 0
355 3226 3
7817 2312 3
340 514 0
6037 5556 1
1259 5660 2
877 1408 1
2913 6409 2
4167 7996 4
7487 1058 2
7222 6382 1
3937 858 3
6164 7322 1
487 7846 2
4405 4586 4
4180 2844 2
3720 3969 0
4018 7999 3
4616 3065 3
6647 7419 2
4178 7575 3
626 2936 1
2265 2738 3
838 4606 0
6513 3406 3
5515 518 1
6929 1736 1
7984 1299 2
8069 5795 4
3580 5112 1
595 7658 1
8188 2787 1
3741 1828 0
3219 104 4
3769 47 4
1656 3627 0
2754 4862 2
5709 7305 3
6900 8160 0
8174 4277 4
6856 1600 2
3163 7005 2
4338 2587 3
49 6537 4
6985 4798 1
6479 7024 0
7638 6414 4
5293 2385 2
1294 5436 4
5955 6157 0
1821 4505 3
4312 849 4
6195 7877 4
8078 4520 0
4898 936 1
3016 7792 2
1449 3617 0
3605 7092 1
3913 5095 0
4433 4376 0
4532 2958 1
57 6142 4
2052 6671 2
1286 7283 0
2477 7135 2
4282 5412 4
7129 730 0
6609 5119 2
4681 6118 0
6700 1550 2
7170 4357 0
1998 5976 2
5314 6886 0
3396 6270 4
7368 1099 4
7268 2618 2
6020 2343 0
6761 6209 4
8115 4088 4
3922 5812 4
3968 5834 2
6894 6869 2
3564 3242 3
6992 4850 3
3679 7396 1
2440 7565 3
557 5605 4
247 4661 0
134 1815 4
511 817 3
4761 3464 2
597 4097 4
1089 5548 0
2427 2726 2
1915 855 0
8184 5158 0
1212 248 2
2085 3936 2
2775 1044 1
4874 4688 4
7916 5132 1
2234 185 1
4926 1142 2
4685 7663 1
3801 6244 0
319 6524 3
4667 6909 4
5973 5036 0
5350 6893 4
7053 599 0
7657 4381 4
5874 5833 2
4654 4779 3
6292 3605 4
3150 76 0
7939 3606 1
4874 2998 2
1794 5066 4
6238 1913 0
3064 6661 3
6862 2477 1
3482 1709 4
3718 6320 1
1369 1506 0
4287 7603 3
2008 2498 2
8037 499 4
8121 2459 0
5615 4263 1
4361 1264 1
3237 2336 4
6221 4029 1
7803 2520 3
7691 7851 0
5636 5998 3
6425 646 4
7067 6974 1
7138 6032 0
1907 3272 1
5005 1093 2
4145 1129 1
2792 4360 1
5579 1856 2
1134 192 4
3608 2565 3
5017 1050 4
5387 1088 2
5797 7777 2
6611 1857 0
4709 1469 0
3894 4709 4
7739 7004 3
2055 5865 2
7477 7105 3
2368 7869 0
2332 3586 0
2019 2874 0
6084 1474 3
3605 4733 0
4301 6873 4
2232 3973 4
2870 1370 4
5759 1521 1
3550 5444 2
2834 595 3
2170 3064 0
7458 7650 1
3422 5753 1
3182 4563 2
3733 1965 1
4358 366 2
4861 5777 0
6540 505 0
3495 77 4
2463 1587 4
1699 1941 1
940 954 0
5916 4540 3
3419 2877 2
370 3932 4
3986 6885 3
743 2618 0
837 6807 2
548 86 2
3736 6386 3
7320 4528 3
2022 7697 1
7275 3970 1
2937 410 3
8114 2295 4
4105 1335 1
7085 4747 2
5875 7277 2
2896 6918 3
4923 3535 3
1010 724 3
4327 7367 0
5469 7177 1
6593 2927 3
2505 1265 1
6178 7970 4
7041 5441 0
1794 716 3
4768 810 3
4303 2880 2
4476 24 1
5374 2787 2
2152 2823 2
5820 3677 1
5868 2414 0
8089 2650 3
5003 2381 3
4838 4012 1
1417 3609 3
6245 5590 1
7512 1542 1
4022 1797 1
69 4878 2
2870 533 2
5120 3529 1
3956 4849 4
6486 7414 1
6171 7724 3
1860 3482 2
7371 4888 4
7136 1483 4
7177 3472 0
12 1341 2
4258 7793 4
3416 3589 1
5001 2186 4
1947 3440 4
3527 4277 1
7058 681 3
7601 5720 3
2196 2780 0
1430 5248 2
2670 4960 4
5519 2487 1
5285 5066 1
1193 297 3
7036 7008 0
7821 2738 2
7514 3574 4
6692 743 0
2268 7771 4
8150 7620 2
1475 4151 0
3932 974 1
849 7951 0
6819 7479 2
6823 6444 4
5268 5549 1
5904 5363 1
2001 3034 1
8160 4802 3
4763 7900 1
6894 1942 3
2451 7251 0
4912 1486 4
7681 1993 3
1606 2024 0
4645 548 1
4950 488 3
3855 3323 3
1534 5005 4
2557 7203 4
3191 7111 0
5638 2523 1
1752 4875 4
2535 346 3
6597 1493 2
5157 2936 2
2274 1391 0
1758 1354 4
7620 4194 4
3024 4292 2
385 3105 3
2037 6130 4
10 4951 4
3327 7768 0
2706 6355 4
5469 7548 2
4802 1025 0
6709 4760 1
1587 4866 1
672 7861 1
5436 3761 1
8119 7354 4
5765 2024 2
2384 6217 0
3598 3678 2
4855 5660 2
181 4079 1
4112 7763 0
7373 4042 3
7211 6951 3
6384 4107 3
4586 4067 4
7845 7450 4
588 6205 1
2629 5840 0
6307 3140 1
6695 6815 4
1159 865 3
1564 4361 1
2753 6802 1
7001 5632 2
7731 5906 4
2900 5596 4
4843 7983 0
7157 891 0
6820 838 0
4872 599 3
630 3001 1
2007 5358 1
1328 2493 0
206 6434 2
6370 7918 1
6810 7430 0
4866 2967 1
4100 1414 1
4251 4461 3
4351 2776 1
7697 2430 4
2716 5489 4
6504 626 3
6796 137 4
3061 450 1
5526 3457 1
2577 5900 2
5560 3271 3
2553 3117 2
1918 4955 3
1847 277 4
1703 7925 3
6728 7939 1
1752 7492 1
1216 6101 3
6286 584 2
1629 7395 0
341 5183 4
3696 2616 4
3398 7934 0
658 4430 0
5996 1779 4
4380 1636 2
2701 696 1
2023 4152 1
7024 7257 1
1706 504 4
4689 2440 0
6967 3797 3
4249 7100 3
2257 7009 0
4349 2338 2
422 5647 4
7798 4421 2
402 5804 4
2388 3933 2
7893 57 2
3609 5707 0
5811 7530 4
7558 3396 0
657 7607 3
8124 5641 0
5240 1833 0
8002 3063 0
1064 7817 0
606 3893 4
7043 6451 3
2255 2166 4
8090 5143 4
4461 2788 4
7359 6902 1
6573 3627 4
1330 6589 3
840 7323 1
2393 6865 2
1822 3275 0
6665 4057 3
689 7001 4
2625 7674 0
4259 7379 1
4301 8101 2
3725 741 2
614 1681 0
6072 6651 3
578 6687 2
4622 4321 3
7535 898 4
2245 1674 1
89 5843 1
585 2386 0
2729 7078 2
6339 4242 0
4135 2313 2
7167 5403 0
3977 2832 2
1205 5833 3
7089 1429 4
5261 4548 0
7448 6840 0
5551 1301 0
1025 4164 2
5928 5577 0
2028 2484 1
2197 1437 4
6797 5563 1
6154 7431 2
2089 7920 0
4185 7704 3
302 3479 3
308 1782 3
5691 7210 1
1111 5672 3
6941 3975 3
2324 5097 0
4580 2724 0
1424 3586 4
1411 5889 4
3200 379 0
960 7861 4
5623 4306 2
1859 3401 4
2488 4130 2
6598 6953 2
2856 6513 0
6091 3780 3
7929 4307 0
1784 2119 3
5792 6492 2
5144 4988 4
4876 4023 3
1288 5060 1
3934 4491 3
1691 6667 3
274 5696 2
1862 2206 2
6093 5916 4
504 3409 1
4737 2726 4
348 7916 1
2345 6040 0
5263 1448 4
4096 3577 1
2984 5801 4
3589 3658 3
5601 1447 1
2409 694 4
7528 967 1
4029 2694 4
1894 4289 1
1870 7439 4
5467 4200 0
4050 5425 1
1187 8000 3
5597 1786 1
7097 6467 2
6574 2843 4
2977 460 3
7484 1486 2
3895 8170 0
2973 511 0
5165 2034 4
4699 4172 0
2530 7477 4
2767 3915 4
6044 5516 0
4879 403 0
3505 3783 2
2777 3587 2
8118 6659 3
5062 4110 3
6243 5812 1
7584 254 0
5943 3709 4
5588 5391 0
4194 7182 2
2520 7613 0
277 4742 0
7845 3951 2
6819 948 2
1293 2324 3
5868 5224 1
929 6384 2
3701 6745 1
1619 3000 1
7687 1207 1
519 4501 2
7140 6148 0
3050 419 2
2246 775 2
4055 7632 1
1070 822 3
7840 3517 1
2926 7370 0
7877 4673 3
7468 1997 3
764 6662 4
3788 7258 4
2430 6788 0
166 6077 1
7945 4790 4
4119 7099 2
4424 6057 1
1466 2031 4
826 421 2
7758 461 2
354 5795 2
2694 5534 0
1820 2327 2
5161 6805 3
5645 5053 1
151 1288 4
2536 4758 2
991 4176 2
5078 84 0
880 4290 2
1279 872 1
7941 5354 4
5846 419 4
4074 5289 1
7612 6552 0
7477 5621 1
1626 4864 3
4017 7122 1
7087 3986 3
2459 6672 0
6069 1874 2
3014 4887 0
2858 2273 4
5844 7919 4
5000 2847 0
2786 2217 4
115 1085 1
1494 1778 2
7166 2919 2
4217 158 2
4062 4683 3
2282 2343 4
2838 1760 1
24 6899 1
7781 4932 2
3603 6029 3
7626 5405 3
767 1641 3
5465 7340 0
6643 2243 1
7797 3430 2
3469 5554 2
2367 1370 0
498 7555 2
1754 5863 4
1395 3609 3
5661 1327 0
1532 2100 0
545 3629 0
2290 4692 3
1899 7343 1
1329 7435 1
4593 4012 1
3700 3741 1
2967 2848 2
2375 5424 1
3257 7412 1
5127 2547 2
1848 2361 2
5369 7728 3
4704 5578 3
6020 7619 2
3454 1172 1
3106 6848 3
532 3875 1
2153 1037 2
592 6800 2
3331 6530 3
4408 3046 3
2053 7123 2
1161 7888 0
6478 4766 2
5433 3084 3
4884 1618 1
7301 7053 2
3168 2252 3
1129 8062 1
2199 3846 4
1333 5074 4
1938 3228 4
4087 6677 3
7274 6282 3
3354 6225 4
4411 725 3
5920 7957 1
7409 1139 4
7440 3726 2
4623 8183 4
3079 87 1
5204 4246 4
5712 1443 2
4406 7327 4
261 3154 3
3720 6780 4
2873 7568 1
4623 5169 0
2554 7348 4
508 2405 2
7045 5969 4
4633 6986 4
1900 538 3
2409 5029 3
6730 4296 3
6849 5387 3
840 7615 2
1175 3406 1
3711 5783 0
309 8035 1
4141 4217 4
7865 5548 1
4876 2002 1
6988 2062 4
6957 7525 4
7494 7314 0
6764 8060 1
1631 8115 2
3323 965 4
7638 1991 3
538 7061 1
3663 2881 1
3046 7331 0
8175 3778 4
2408 5756 1
2240 4614 1
1380 2378 0
1854 588 4
6031 2808 4
7003 5364 3
6077 119 3
6400 7309 2
7215 6306 2
1822 6337 4
6544 870 0
7134 8011 2
896 6573 4
6090 7140 1
4703 3952 3
1875 3024 0
6292 1294 4
5026 6752 1
5728 7628 1
5418 2143 0
6496 4022 2
5876 1331 2
5591 7122 2
2551 7113 2
1820 1255 0
2272 692 2
546 6340 2
6081 379 1
731 161 4
7501 7151 4
3417 1819 2
6135 3267 1
2675 7956 4
4621 7004 1
4118 6502 1
7027 4217 3
4200 55 1
5068 7968 3
5474 6605 3
6787 2855 1
4987 1508 3
1163 7301 0
4653 2648 4
7208 4211 3
6616 6091 4
3714 581 1
6248 879 2
6978 3910 0
3900 719 1
3937 8134 0
6859 3969 0
6730 7146 3
6259 3967 3
7268 1133 2
3810 3663 3
294 7215 0
3086 168 2
2465 6615 4
6789 2859 2
3885 549 2
6975 4048 0
5765 374 0
5203 646 0
3417 5210 0
1470 1084 4
4001 1996 3
7016 80 2
4318 6264 1
2786 3117 4
7888 1743 4
5465 5341 3
86 960 2
6526 3836 1
539 4952 3
3087 1841 0
6292 7167 0
1133 6488 1
1489 5125 4
2114 1668 0
8095 1840 3
7012 5916 1
539 3289 0
7852 1171 1
3374 6111 1
6936 6676 3
7699 2576 3
1462 2398 1
4701 4546 4
3589 7427 0
1065 7274 4
2327 2226 4
5222 179 2
1062 3649 1
7195 5678 0
289 1636 0
3832 5194 2
2526 3220 4
3020 24 4
5270 1177 3
112 2793 2
2717 4516 2
3567 6639 0
3357 7434 0
7008 1364 3
5026 1197 2
4531 3687 2
1523 2659 1
1156 753 0
864 3508 0
1118 2116 2
71 6407 1
7971 4891 1
6921 2536 0
7532 7414 2
1373 1903 3
6374 6994 2
7115 1715 1
3397 6103 1
7973 745 1
2841 4874 3
7913 4250 1
5859 7357 2
65 4723 4
4070 6375 2
3535 8053 4
6489 4856 0
3496 686 0
6648 1408 0
1426 7898 4
1989 3613 2
8127 479 0
203 2968 0
5488 7073 0
6046 7986 3
4834 7569 1
2504 1669 3
7977 5804 0
3655 7579 2
1649 1914 3
362 2514 2
2622 3965 0
5700 5663 4
2258 5034 0
6235 3843 0
7967 7971 0
7747 1581 2
7912 956 0
2327 2654 0
2078 6860 0
3964 2313 2
7599 2256 3
4239 3045 1
816 7448 0
6689 2255 2
1378 2390 2
1058 3068 3
4531 6197 3
3940 425 3
5780 4693 0
2791 1363 1
722 3980 0
3538 6220 1
6619 6498 4
738 7344 1
6079 2064 2
6784 1920 1
4224 7683 0
4238 7979 2
5631 6949 0
5619 3369 0
5782 1549 4
3879 1884 4
6338 5047 1
628 5767 1
2610 3394 4
3170 1719 1
3644 6536 1
5171 2536 1
8111 5497 4
6796 6264 0
4220 4700 0
3607 3900 2
3061 7957 0
2285 5938 0
1657 7593 0
1448 7531 3
3888 3503 3
4513 6866 4
5913 3819 3
7082 5844 2
4977 6683 1
3801 689 3
7710 5824 3
5413 1941 2
6300 5611 4
7622 2586 0
1460 5952 1
3621 1619 3
4980 4196 4
1485 975 4
4541 5232 2
962 4858 1
6977 859 0
6154 165 4
3473 2098 4
7678 395 3
543 4897 3
374 161 2
3616 3713 4
6197 4248 1
7372 5696 1
175 5154 2
1173 2724 2
7223 3588 3
3752 5955 3
3409 5828 2
4909 5884 1
5060 8080 4
3691 176 3
4395 990 0
7169 4198 4
272 5083 2
5822 1356 1
2541 3891 2
5744 6848 2
5740 7683 2
2990 472 4
216 7617 1
1981 1386 2
6935 6632 0
8051 4792 3
2563 3974 0
4776 4530 3
4305 6789 2
2492 5850 2
683 5437 0
7148 1151 0
640 6931 4
3344 2250 3
1008 7952 4
7445 7422 4
2514 3710 4
8030 4639 1
3141 6962 0
6551 6710 3
1125 204 3
3469 1776 4
7689 2246 2
7408 6974 4
4785 7645 4
3113 4157 3
3053 3590 1
242 5396 2
553 7496 1
1081 6846 1
217 4729 0
1312 3678 0
7889 6613 3
1165 3997 1
3929 3176 3
6576 751 3
3475 3280 4
4710 1046 4
2526 6510 4
1503 1351 1
3869 425 2
1650 6231 2
7472 1918 0
2699 1402 0
6817 1709 0
5482 6516 4
2986 7969 0
2853 2081 4
7913 1333 1
7672 3709 0
3631 875 2
8120 4062 4
7627 4624 2
960 7404 0
769 1086 1
3902 230 4
6088 896 1
6657 7573 1
5767 2353 1
252 2328 2
8166 7812 0
251 6583 3
4354 4937 2
5483 669 0
4829 2024 3
5645 2870 3
7372 2527 0
3915 8089 3
7482 2753 1
1762 3382 2
5398 6493 3
5765 12 2
4739 4826 0
1248 5505 1
64 4902 0
5289 7941 3
4801 623 3
7562 3008 2
5109 1422 0
7267 3031 0
19 5366 2
7728 1350 0
5835 223 1
3506 4467 1
7065 6661 3
7692 3138 1
7773 8138 3
8146 2252 0
2309 3718 4
2829 5662 2
7693 2553 4
4465 7505 1
1669 3344 0
1064 3021 1
6801 4344 4
5238 942 3
2310 1254 2
3750 6011 2
1244 2851 4
2160 2017 0
5367 5245 1
5890 401 1
1482 3495 3
7301 945 4
6369 3322 0
8027 8060 1
5273 7860 1
7011 5329 2
364 7775 1
3351 6545 0
4089 364 4
137 434 1
3510 3376 1
4806 7021 0
6808 7815 2
6461 7567 2
5194 1798 1
2266 2748 0
7202 5564 4
5179 6114 1
5022 2196 0
3165 4463 4
7074 6687 4
7085 8081 3
5060 8134 1
1832 2717 0
2296 5752 1
5779 1805 1
2881 4610 4
5284 6411 1
268 6015 4
739 7319 2
5316 1739 3
4928 4282 3
4067 1403 3
6985 599 0
69 662 1
4389 7645 3
7240 4709 1
6730 2191 3
4047 7415 4
2716 5782 1
4863 4757 1
5903 6441 0
3520 7666 2
2710 3364 3
3977 862 3
5771 7875 3
3574 4116 3
7626 2990 4
1436 4349 0
5552 5022 0
2224 6803 1
919 7293 2
217 5876 3
7529 6312 2
7483 1503 4
6840 42 0
1312 1555 3
4743 3203 3
1692 2906 0
6769 7274 0
202 4327 1
7129 7466 1
7059 3777 0
3944 3178 4
5575 7025 3
6517 8065 0
3292 8014 3
6120 1647 0
8099 5711 4
4536 141 3
5757 7776 1
5212 599 2
1802 7583 0
5942 6224 1
3933 145 2
6876 3948 2
4849 6723 3
7453 7708 2
727 6304 4
3322 4882 1
2000 3246 0
6252 5173 3
5252 5916 4
2871 2280 0
150 7444 3
5061 3938 3
4004 1594 2
7435 4427 3
6835 8040 0
7813 1238 3
5037 5381 2
2279 3214 1
3161 553 4
4993 2629 1
2544 6226 3
2409 5134 4
1928 1697 2
2169 5576 2
7908 6289 2
4853 3116 4
4000 4831 3
5130 4538 1
7680 2831 4
6857 1874 1
5257 5483 0
3808 2482 1
5777 5387 2
3809 2377 0
1323 1571 1
4651 8133 0
2480 6749 4
7906 5380 1
7047 1852 0
4007 3654 1
5764 4110 1
149 4021 2
5105 4170 3
2298 6392 1
7863 993 1
7082 4365 4
4730 760 1
5897 6825 4
6983 3784 2
7322 4224 3
4996 1979 0
6199 3423 1
7337 4703 2
324 2256 0
6905 7989 4
4634 1929 0
934 3569 0
2579 7769 2
5103 7730 2
5562 7281 2
3135 1058 4
5197 1823 2
1524 6433 2
7301 2790 2
7022 3859 1
5847 1600 3
4513 6004 3
8063 3828 0
4448 7662 4
4726 6485 3
4486 2441 1
162 210 3
6064 7734 4
3815 6875 2
553 6462 3
4544 7706 4
7012 5325 3
7184 3979 4
4817 11 4
7788 6164 2
6841 4982 4
5225 6861 2
1488 2916 0
5873 1829 3
3210 1446 0
5814 5283 2
7759 5053 2
696 3630 4
1200 4069 4
908 4184 0
5481 7153 1
7308 4145 0
6398 2872 0
7733 4806 1
384 7186 4
3483 6159 1
5215 6211 4
863 2704 0
4473 2744 2
7199 2310 2
872 5953 3
1936 4946 3
3603 4315 4
3023 1193 0
73 2632 1
2726 8049 0
6545 7157 3
2732 1729 3
4601 4352 0
2647 1123 0
7459 6373 2
7808 1371 0
5099 5066 4
1653 3510 4
5760 519 1
7361 7391 2
7505 2965 4
2102 5234 0
579 2215 2
3841 7280 0
4122 385 4
391 2742 3
622 1233 1
5294 454 1
4123 1311 1
7051 1074 0
8138 339 2
7828 3605 2
6852 7018 4
1230 600 4
5084 6397 0
6871 3692 2
8145 628 4
5674 4924 4
3922 2043 0
958 7773 4
2847 1073 3
1424 6176 0
4366 2411 4
3643 1708 4
4811 3483 1
8123 4113 3
4502 1144 0
1354 796 2
124 7696 3
1007 5258 3
478 1674 1
7281 4305 4
3393 1806 4
3584 1489 2
3246 1768 1
3028 5977 3
738 1816 2
1744 830 0
4002 6402 4
4032 665 0
1998 1071 0
6688 5942 3
6012 4941 0
2314 5430 2
4713 2360 1
4739 5548 1
1455 7060 3
7733 3621 2
7049 5397 4
7223 8112 0
1498 457 3
138 1439 2
5433 7640 2
6810 4497 3
3760 357 3
1802 3463 0
5311 5337 2
4247 6189 4
4606 5915 3
3044 2727 3
5272 4328 3
2748 49 3
7949 7562 0
3744 57 1
7321 3762 1
7163 6674 3
5707 5550 2
3668 5408 0
6975 6130 0
1530 6249 2
3675 3316 1
5126 1126 3
4376 831 0
1349 5376 1
8051 903 3
2498 7691 4
838 5476 1
1077 6709 0
7468 3873 3
5225 5801 0
5128 6348 4
4603 5917 1
23 5678 0
3304 4880 1
8058 4392 4
3149 2900 4
5597 7207 1
8150 7340 0
2892 5131 3
1090 7661 0
5417 6453 0
307 7571 4
4725 3889 4
6507 4269 4
7447 5246 2
7225 3635 1
3120 5050 0
549 7215 0
43 1745 0
5246 2808 2
5419 2084 3
2782 1836 3
7065 6630 0
670 5754 0
5046 2136 2
19 7682 2
469 5094 3
6334 3089 0
5130 2077 0
560 6060 2
2893 583 1
707 4682 2
5320 1179 3
2529 2379 1
1287 3841 0
6802 927 2
2879 2276 2
1263 4297 0
2579 290 2
2427 4726 1
4111 3952 4
5098 5801 4
7564 5183 4
2309 3656 3
4338 972 3
5805 4007 0
5000 5904 1
5196 1667 1
844 1309 3
7199 4756 0
4960 2949 0
3965 923 2
501 3071 0
5688 6646 3
181 7488 1
3295 4125 3
1663 7567 4
5035 3902 0
5734 4847 3
2435 3648 3
2852 1860 4
7842 5485 4
6565 391 4
5782 4056 4
1305 7913 4
6794 5152 0
530 5215 0
871 613 1
4808 6582 0
660 25 3
6292 3281 2
974 6092 3
5628 6248 1
7392 6144 4
3642 1823 3
7453 7310 4
6564 883 3
6582 2662 2
7860 2200 0
6947 7887 0
1821 2184 4
6901 6286 3
1138 4200 0
7126 7863 2
1954 4881 3
5976 760 4
7152 5036 1
7628 520 0
5608 2393 0
3299 6983 1
5100 3751 2
1252 6407 3
2308 7307 3
2741 6734 4
3707 4328 3
6872 7821 4
6378 3375 3
1150 49 1
5729 2794 2
5317 3798 1
5822 349 0
5122 5552 0
7702 7288 2
428 5512 2
7924 2721 2
7118 7832 1
1418 3223 1
118 387 0
1660 2204 0
4714 5916 0
1383 6768 3
2097 6683 4
4454 6610 3
2595 2549 0
8163 7012 0
6994 3479 2
2099 1102 1
3906 3335 1
1281 5847 1
4145 7165 0
677 2024 0
3943 8014 4
592 5730 1
7696 5495 3
404 20 0
519 3998 2
699 1413 0
4877 432 4
1081 1177 2
5582 452 4
6 96 0
3735 6704 3
3056 6833 2
6366 3944 3
3452 1551 2
5254 1837 3
567 4447 1
3018 4918 2
5583 5872 0
7816 4786 4
111 4976 4
7719 8160 0
6634 7043 2
3458 2399 2
2335 3226 0
1131 3165 0
5421 4369 3
3401 3139 1
2409 5008 1
3887 3756 4
7508 8026 1
7248 2047 2
5517 2907 3
8045 2990 0
2995 5548 4
856 3395 4
247 7384 3
2400 7895 0
1022 2521 4
7783 842 4
1842 5140 3
378 231 0
4194 606 0
6895 1673 4
8167 4878 2
736 3399 4
109 2043 0
6153 5294 3
533 212 3
6364 6721 3
935 1952 3
6405 2197 1
6971 1095 2
6486 5708 4
4247 3840 1
4477 5609 4
6344 6426 0
5356 7445 1
4147 4865 4
7030 1746 4
5861 3171 2
7388 4694 1
5131 1429 3
2614 1211 2
3405 5158 2
7449 7253 2
663 3108 2
84 5754 1
1153 3589 1
3547 6883 0
7209 1269 1
6601 7285 4
6255 3450 0
1507 1972 4
6091 6163 3
2327 87 1
515 2998 0
5261 1242 3
6299 4186 0
790 7200 1
8035 4905 2
2479 4831 2
4349 7783 0
5524 7201 3
5279 3243 2
3543 2788 2
3632 20 0
3332 6658 2
5696 3421 4
242 8036 3
6679 709 2
4942 653 4
1676 8160 0
2908 336 2
5931 7964 3
1688 178 0
5431 7790 1
4152 1222 3
1403 6283 0
2782 2379 3
4776 5847 3
2919 3196 3
4467 369 0
1914 1395 1
4211 6429 2
1553 5108 3
6215 7093 4
7701 3750 1
7713 1885 1
1246 7051 3
6747 3586 2
3999 7156 4
6731 7796 3
2636 605 3
6774 2081 1
5669 5182 0
6812 1673 3
743 2521 4
2306 4209 3
4425 6413 4
3206 7734 1
4885 4142 4
6227 3386 3
687 188 1
7354 3027 4
4731 4720 1
7448 6039 4
1571 5305 3
7283 1985 4
7444 1776 2
3777 5420 3
5889 3810 1
1039 4965 4
3680 6318 0
6405 1101 3
6778 6210 2
5209 2492 4
1368 158 1
1120 5436 3
4615 4693 4
1479 3694 2
926 2267 0
5246 5041 1
2945 1851 2
7702 7380 3
3334 1962 0
2707 2484 3
7378 404 0
7124 6973 2
8051 6697 0
4946 1047 1
5125 4572 3
4476 3258 2
5512 807 4
1325 2226 3
7244 7552 2
351 5297 2
1491 3743 2
6940 5295 2
4888 1663 1
3750 5292 2
3722 6177 2
6637 7569 0
5609 1114 2
4040 1025 0
2778 3319 4
1916 4117 0
5861 1431 1
5229 3453 3
5678 5181 3
6343 969 0
2860 1348 0
8 1428 3
6363 596 3
1418 1002 2
6844 2706 0
2896 1502 0
1773 313 0
1576 2874 2
2263 5633 4
2482 3764 4
3926 1916 1
6880 3728 0
6861 2365 1
6613 2787 1
416 2239 4
5651 2513 2
3741 2820 4
1730 7552 4
5301 2207 0
7906 6944 1
333 1965 1
2315 5946 4
4053 8076 4
4980 5713 4
6999 5101 3
1926 1898 1
2596 7118 2
2191 7154 3
1263 1948 1
1881 5867 2
7895 1292 3
4365 5276 1
1689 1111 3
165 3256 4
2631 3678 0
4711 4200 4
6433 6434 1
7393 6860 1
4254 7829 3
2923 6554 0
1766 6705 0
4655 4710 3
4552 4768 1
7492 4974 2
5851 4977 3
1388 4913 0
6264 6912 4
310 3159 4
442 7762 1
4913 2697 0
7943 4770 0
4434 4052 3
6766 64 2
4059 3729 0
601 7473 2
6417 3743 4
807 337 4
4199 5237 4
1365 581 4
3493 7682 4
281 1297 1
4173 3928 1
6178 1718 4
5715 6585 4
684 5648 0
576 5456 1
5823 5477 0
7440 3137 1
5503 2427 4
6487 4441 0
5620 5427 3
7982 2972 2
4664 1699 2
671 354 4
5984 3040 4
6069 6622 0
4671 1461 2
1835 2563 4
1008 476 1
4544 948 4
2440 3304 0
5583 5058 0
6851 4341 1
4881 3395 3
741 3224 4
7355 2240 0
6335 6741 0
2718 7268 1
1336 6453 1
2538 3626 0
7897 4573 2
795 4297 3
3626 2144 1
5446 6992 1
7227 6146 2
4642 3883 4
6867 5170 4
4739 5333 3
3426 7848 0
2013 560 2
7157 3862 0
1079 1473 4
4057 4873 3
1569 4992 0
1451 3124 4
3050 4804 2
2548 1637 4
4833 1798 4
1434 5520 2
5882 7121 2
5154 5526 0
4576 95 0
1121 5089 0
5413 1432 1
2005 1281 4
2408 1964 0
1896 1073 2
838 4247 2
4500 677 3
1501 3885 0
643 479 1
2720 7411 3
1265 4268 1
1697 5968 3
5843 7418 1
1213 5335 3
3301 6116 0
6737 7495 4
7749 5362 2
195 6999 2
2497 5298 0
6913 5438 2
2562 1114 4
6770 1637 3
887 7971 4
6280 6992 0
7295 884 4
2214 2409 1
7068 7267 3
249 6385 3
3839 6266 1
826 3505 4
591 1941 4
6818 5202 2
2557 6640 1
2153 3173 1
7407 3948 1
6748 2930 2
1906 3602 3
5259 5895 1
5108 2185 3
7038 1996 0
3834 3149 4
1013 53 2
6596 5553 3
7759 7126 1
2643 6454 2
392 7603 1
2602 2193 2
7151 3911 1
103 4031 1
1089 2362 1
2009 2917 4
5183 6853 0
2204 1622 2
162 6481 0
3280 5269 0
2304 7643 2
4094 6649 2
3603 3142 0
7065 5580 0
762 3619 2
4832 8151 2
1529 7437 0
2723 6846 0
5212 4322 4
8159 1910 1
2497 366 2
6692 5957 4
1208 567 2
1785 1112 4
8098 1320 0
6264 4273 1
5173 4849 3
2732 7752 3
1401 6500 2
3290 4564 4
2709 545 1
3655 2102 1
4043 5958 4
3018 1352 2
1262 4242 0
4304 3450 0
5344 2429 0
4538 3172 4
6183 3208 4
3203 1000 0
8180 667 2
7636 2244 0
7457 6027 3
203 3544 0
7781 4208 3
5380 5972 2
1555 2948 0
5084 7566 1
828 146 3
5099 6090 1
4351 4806 1
4671 7646 3
1033 23 0
7469 2540 4
4588 938 4
3006 5610 0
25 5212 2
6647 7711 3
7942 3539 1
8 4365 4
3678 8185 2
925 7568 4
1791 2470 0
1023 5696 2
4399 4983 3
6050 4319 0
7808 2457 3
4861 5423 2
2675 2559 3
6026 6817 2
3176 3305 4
327 4406 3
1810 3729 0
7084 2242 1
1890 1183 1
1862 3357 1
6980 6594 3
7055 2892 3
1706 823 0
6340 7289 0
7177 5698 1
7698 2493 4
2007 872 1
2462 7029 0
3354 225 0
1036 5267 3
4280 3011 1
7221 5059 1
3451 7507 4
6988 4243 3
5515 91 3
2527 8048 0
6490 5082 0
6511 8147 3
907 5866 3
507 7429 2
1433 7494 2
6954 6462 1
6707 5572 2
2103 3481 0
2020 7146 3
6699 7700 4
1175 1260 4
7668 7038 2
5427 482 2
6533 613 2
3857 5040 0
1723 2618 1
6796 657 2
5861 3841 0
5470 7263 3
974 7624 4
7709 6213 4
1375 3491 3
7358 1381 0
5628 2018 0
6756 7699 4
7800 5363 3
5379 6370 4
5518 6785 4
3311 6502 1
1167 3709 0
6243 4162 3
6158 7880 0
1077 1407 4
6334 3847 2
371 5163 2
5054 5650 4
5843 1089 2
4568 403 2
6163 2319 0
4494 254 0
3024 3721 4
3598 6296 1
833 2686 1
5965 2198 3
1845 4171 4
6345 5963 3
625 5977 0
6247 4695 2
984 7254 4
3909 263 2
3185 4207 2
5718 1773 4
7608 1211 0
1155 2667 0
3386 1294 2
5458 1865 4
5899 1282 4
6742 6819 0
5703 4920 0
4075 2118 4
6353 3768 4
5966 623 3
5596 1700 1
1492 4748 0
7380 1733 2
5660 7560 2
3864 7776 2
1007 7860 3
6190 3905 1
546 2259 2
1283 4427 0
3815 4674 1
2849 6181 0
4631 700 1
1715 2452 3
2278 6572 3
3448 3803 1
506 48 3
1879 5995 4
3193 856 4
8047 3773 2
4154 3019 0
7138 2809 4
627 3592 0
6420 3711 0
210 1621 0
5770 4353 3
7764 5823 2
2902 761 3
1643 6800 0
867 3247 4
6355 1328 3
6203 471 4
7295 691 3
7674 866 1
1145 2079 2
372 840 1
5035 4592 1
5488 1959 1
2251 4070 3
1760 1260 0
5954 7995 2
3428 5459 4
1764 2196 1
8128 6695 3
7653 101 1
3894 5698 3
3141 171 3
2143 542 0
2438 7129 3
5068 1599 3
5238 1802 3
4217 340 2
5934 1676 4
7587 3730 3
5317 3542 1
1409 2007 1
3986 1134 2
2082 7782 4
1196 1643 0
4884 1181 1
4181 6301 3
4935 1306 3
4689 3022 2
6811 5749 3
4502 4667 0
3205 1161 4
6383 669 2
7644 5906 2
303 3968 2
2729 1396 2
5097 2 4
7821 7197 0
689 6333 2
5731 2820 3
4328 3478 1
2905 5558 1
4342 5754 0
1109 2072 3
785 1402 4
8134 5640 4
5347 5468 0
6146 1087 1
3834 3631 2
7380 1591 2
6979 2044 3
5494 810 4
5876 3495 1
2604 7718 3
3094 4686 2
2226 7259 3
882 3481 1
1933 6625 0
3366 919 3
5410 1384 4
1376 6667 2
4684 4965 4
7174 2725 4
6569 2409 3
1947 6113 1
4132 4694 1
1966 2246 4
6367 861 1
8122 4227 4
2682 2758 1
5543 172 0
5007 649 1
5317 5919 1
4526 1707 1
3675 4754 2
3380 6444 2
7305 1459 3
716 4872 1
3675 6592 0
1811 6076 2
5427 2063 4
7774 4887 1
7216 5523 0
7444 168 4
7512 2548 3
2473 7348 0
592 2193 1
911 310 0
5115 8184 2
5738 4687 3
520 7935 2
4295 3308 4
4602 7011 1
1046 2748 2
4888 233 1
6289 3749 0
7925 4448 2
7197 3174 3
7716 732 4
1747 3561 2
4347 6238 0
3512 2483 4
669 207 1
4459 3767 0
3886 7155 0
6101 2322 4
2980 4108 3
3869 1973 0
4212 2871 3
5230 7496 3
2083 33 3
7601 7266 1
7978 5745 0
3943 3260 4
6962 768 1
4590 1425 2
7174 7186 0
5802 2865 4
3114 657 0
5777 4240 0
3203 2835 0
494 4714 3
6308 6234 0
3684 2031 4
4617 858 0
272 5573 4
4567 3031 4
4373 6899 1
1426 60 0
324 7958 0
5039 289 0
7441 4833 4
3379 4245 2
1891 5745 4
845 3883 2
6920 1485 4
3172 6500 1
3456 3060 2
1014 2689 1
163 5959 0
2159 6503 1
7266 7847 4
5750 768 4
772 6244 3
3116 3511 2
3160 8073 2
4921 2200 0
3314 265 1
377 8162 3
1784 3246 1
2969 4577 4
2611 3535 2
7797 6838 0
990 7179 3
6164 4098 1
4668 439 3
6463 7918 0
7177 1203 4
5388 757 4
3102 3926 4
4940 5013 1
4266 8174 3
6679 647 2
5835 7708 0
5163 6417 1
76 4478 1
3771 2770 2
2741 5544 3
2276 6078 3
1947 601 0
2115 7796 4
5535 6175 2
5556 1569 2
179 5363 2
6157 7729 4
445 8179 4
92 6567 3
4913 1992 3
814 7465 0
4780 4153 0
6318 3638 0
5995 3550 1
3260 2072 0
4024 2457 2
2418 2920 4
5760 5476 2
387 3143 3
1738 749 2
2935 4910 0
4353 8149 1
1577 435 2
1581 3140 2
1262 3817 1
6881 7937 4
7855 6841 1
3033 8188 1
1113 4786 0
1860 8134 0
5970 765 4
7832 464 0
2421 8062 3
5919 4225 4
835 955 0
296 3828 3
1546 1523 1
4640 6493 1
6106 5452 2
3224 3923 4
7383 5730 2
6899 4493 3
646 2538 3
3457 4801 1
1256 1349 1
1116 6812 3
4982 6509 3
5754 7140 0
4416 372 1
5417 2729 0
5047 7077 4
3482 2837 4
4777 1049 2
4245 2377 0
7172 1215 0
307 3376 1
5648 7152 1
6475 5101 1
4551 6028 0
7563 2869 4
2286 5727 4
4178 7727 3
5980 8129 2
4911 886 1
7957 1752 3
7408 463 2
7369 65 4
5188 7028 0
6595 7865 0
1027 2824 3
8072 4152 0
4215 7997 4
2381 2808 3
7153 7657 2
2925 205 0
519 1377 4
5667 4261 1
4608 5943 1
1409 830 2
7476 6198 0
3200 5258 1
7742 868 2
5814 1600 3
5655 2595 4
5903 6772 3
6105 2882 1
7837 4443 3
2776 7363 2
7637 5654 2
3645 820 1
7088 6646 4
839 2887 0
2752 279 0
2586 6532 0
6489 5404 1
2546 3445 2
2610 1800 2
2733 8016 2
3591 594 1
3895 5415 2
5417 3945 2
1283 279 2
5 5970 3
4922 3262 1
5783 7208 0
4798 7352 0
2958 2245 3
4180 6374 4
5984 3965 3
6873 1460 2
5004 3671 2
7162 5595 1
7205 5846 0
1157 4830 2
1653 3536 0
1760 8008 3
5717 1291 3
1064 841 4
1950 7882 4
5000 2522 0
90 7846 3
3899 2877 0
2249 145 2
2459 3119 0
3713 55 4
6576 3792 1
449 1603 2
524 6601 3
4471 5122 3
6444 1344 0
3077 6365 0
3675 7505 3
7550 8147 0
7108 150 2
6895 1665 2
3436 7053 1
6875 6468 0
2848 7511 0
438 7265 0
5476 4968 4
3404 1286 4
4440 427 2
1647 2729 4
8111 3985 3
1046 4129 4
3807 7105 1
5566 504 1
2115 5033 4
5830 1537 1
1795 1755 3
5822 4937 4
6316 5591 3
2595 7602 4
4884 399 4
403 2585 4
3965 6794 0
4684 1143 4
9 1419 4
3223 6126 3
1858 2099 4
1934 860 0
6759 6722 0
5195 987 3
908 4417 3
2643 4074 4
5779 5878 3
1103 3005 0
7569 4266 0
458 3407 3
5444 2499 1
2329 3695 0
1522 6690 3
1095 2320 3
3650 3170 1
2983 1094 0
2724 7686 3
6828 7385 4
2937 2732 2
3241 7513 1
6827 5530 0
8138 5349 2
1764 3706 3
5736 3932 4
5164 4570 2
4995 8190 0
2074 3806 0
3159 6872 3
7354 1224 1
3312 6950 0
5227 7795 1
882 4543 0
5138 7128 2
559 3911 1
5467 4001 1
4617 4453 1
2398 1182 2
7312 4217 2
5255 7322 4
1255 3390 1
7433 3014 3
808 4932 2
4493 2337 4
4625 1016 2
7276 5028 2
5282 3240 4
5495 6844 4
872 7305 0
2238 6883 0
817 4478 2
2746 7815 4
16 7749 1
4152 2965 3
1350 1157 1
1181 1509 2
793 3777 2
5274 1955 3
5632 7603 1
7027 5893 2
629 7758 4
3102 3305 2
831 1146 3
1929 1759 1
987 7103 4
7777 7856 3
883 2026 3
6750 5469 1
6980 7831 4
2792 3983 0
5929 1850 1
3291 7981 2
7122 3206 2
7942 1579 0
6480 6805 4
3190 1899 3
6150 47 1
633 3605 0
3518 4559 3
7295 7476 1
2544 4784 1
4136 4830 4
293 61 4
2081 7799 2
5386 4665 0
5551 2073 4
7696 6162 3
410 5901 3
4445 1207 2
5756 3071 1
3421 2895 4
8171 3515 0
1104 8098 2
4775 8158 1
4802 2256 0
2604 1687 1
2694 5580 1
1784 4064 1
8019 3750 3
6942 2123 0
4611 1197 3
4494 7434 4
1559 464 0
4149 4517 4
1159 575 4
2981 4911 3
4788 4296 3
4454 5324 2
6009 2569 3
4033 1931 4
4185 3068 4
6382 2960 2
5992 2037 4
5070 2167 4
1159 5414 1
1227 7062 4
4998 493 4
6187 3422 1
1475 5878 2
5460 4125 4
3525 3566 3
1674 3479 1
684 4219 3
6500 6392 3
152 314 0
7009 4236 3
4115 1293 0
6427 3334 3
2785 3310 1
2373 900 2
7501 2059 1
7322 6171 1
1193 1025 0
2737 1159 3
3833 7374 1
1493 6496 0
7009 2511 3
2824 6501 2
6544 7425 3
7085 5039 1
3691 1316 1
2092 503 3
6302 6687 1
4912 4891 4
67 1899 4
6649 1410 3
5463 6670 3
7095 5102 1
4195 49 4
6340 1728 2
4450 3422 0
1954 96 2
1826 6911 0
2558 3877 1
6344 7179 1
6919 1110 4
7262 7850 3
828 4985 0
8081 2163 2
7765 749 3
816 1301 1
6322 3937 3
1889 5517 4
2124 1793 1
7908 5840 3
7226 1891 2
3290 3932 4
7084 5775 2
4937 4032 2
7402 6134 2
4600 2346 3
5145 7542 0
2848 653 4
4115 5804 2
6584 6316 4
6375 5399 4
3680 6301 2
1943 3485 1
4504 4897 2
1002 4078 0
94 3456 1
5178 5061 1
5761 5878 2
164 3445 3
3538 4595 3
2052 6189 3
3439 5891 0
7666 4091 1
745 332 4
1880 5045 4
636 617 1
5058 7717 0
4540 3965 2
4525 24 3
7940 8177 3
7318 1778 1
2080 7202 4
5844 1046 2
4214 6631 3
5243 1943 0
2089 5422 2
1545 2224 4
6740 5157 3
5377 158 1
4073 1520 3
5320 4743 1
5127 5009 1
7819 901 0
1294 1972 0
7949 5537 4
1912 6002 3
2544 2422 4
5252 4713 1
3529 7024 1
4785 7572 3
5692 2568 4
2030 4047 0
759 1460 2
1305 2726 0
4222 5257 1
3869 5871 1
3231 2727 4
2979 4924 0
2799 6019 0
3379 3283 1
7513 8076 1
3744 4261 3
2169 7092 0
7973 5621 3
1010 3729 1
7964 936 4
7735 821 3
1383 6613 3
6626 1296 1
7208 3517 2
1086 8047 2
4936 7400 0
7401 658 0
5142 7614 1
4719 2816 3
2601 1897 4
3839 1978 1
3929 1056 4
3117 2546 3
2497 2150 4
6104 2715 4
1657 1328 3